41,500,100.0-41,200,50.0-219,150,10.0
45,450,100.0-30,150,20.0-250,120,5.0
48,350,120.0-49,200,50.0-229,150,5.0
60,500,150.0-30,150,20.0-240,110,3.0
40,400,100.0-50,200,50.0-210,160,12.0
47,500,100.0-27,150,20.0-278,190,8.0
50,550,110.0-50,200,50.0-240,100,8.0
45,500,130.0-30,150,20.0-260,140,16.0
60,600,105.0-50,200,50.0-270,170,20.0
49,350,100.0-30,150,20.0-228,180,14.0
67,500,170.0-48,200,50.0-219,120,9.0
25,350,100.0-29,150,20.0-239,190,4.0
59,450,100.0-49,200,50.0-259,160,19.0
100,500,100.0-29,150,20.0-250,130,13.0
45,450,190.0-50,200,50.0-210,100,8.0
40,500,100.0-30,150,20.0-240,150,15.0
55,450,71.0-50,200,50.0-270,180,10.0
80,500,100.0-30,150,20.0-230,120,5.0
90,450,71.0-50,200,50.0-220,130,0.0
85,500,100.0-30,150,20.0-260,160,18.0
80,350,130.0-50,200,50.0-240,190,12.0
45,450,155.0-30,150,20.0-280,110,6.0
50,500,100.0-50,200,50.0-220,140,21.0
80,450,71.0-30,150,20.0-250,170,15.0
